1 0 125 200 90
1 0 125 600 90
1 0 125 1000 90
1 0 125 1400 90
1 0 125 1800 90
1 2000 125 200 90
1 2000 125 600 90
1 2000 125 1000 90
1 2000 125 1400 90
1 2000 125 1800 90
1 200 125 0 0
1 600 125 0 0
1 1000 125 0 0
1 1400 125 0 0
1 1800 125 0 0
1 200 125 2000 0
1 600 125 2000 0
1 1000 125 2000 0
1 1400 125 2000 0
1 1800 125 2000 0
3 1741 85 258 0
3 1745 85 1744 0
3 178 85 1783 0
3 189 85 255 0
1 670 100 402 0
1 460 100 590 -90
1 469 100 1354 -90
1 655 100 1563 -180
1 1359 100 1574 -180
1 1557 100 1361 -90
1 1569 100 617 -90
1 1384 100 387 -180
2 208 50 557 0
2 208 50 838 0
2 214 50 1130 0
2 208 50 1408 0
2 446 50 1806 0
2 742 50 1793 0
2 1080 50 1787 0
2 1435 50 1789 0
2 1816 50 1467 0
2 1824 50 1112 0
2 1840 50 835 0
2 1840 50 494 0
2 1498 50 182 0
2 1256 50 168 0
2 927 50 158 0
2 591 50 158 0
2 677 50 600 0
2 670 50 894 0
2 673 50 1192 0
2 667 50 1420 0
2 940 50 1424 0
2 957 50 1186 0
2 960 50 903 0
2 953 50 568 0
2 1210 50 565 0
2 1224 50 884 0
2 1217 50 1198 0
2 1228 50 1422 0
2 1410 50 1431 0
2 1431 50 1202 0
2 1435 50 888 0
2 1420 50 535 0
2 1622 50 1003 0
2 1016 50 1600 0
2 1053 50 362 0
2 484 50 982 0
